172,52
172,51
172,50
172,49
172,48
172,47
172,46
172,45
172,44
172,43
172,42
172,41
172,40
172,39
172,38
172,37
172,36
172,35
131,1
131,3
130,1
130,3
169,1
169,3
0,273
0,270
10,310
10,92
10,176
10,4
10,164
10,220
10,276
10,214
11,6
11,18
11,22
11,8
11,14
11,28
9,6
9,4
9,2
9,3
8,5
8,11
8,6
8,14
162,3
162,2
162,1
162,0
160,3
160,2
160,1
160,0
158,4
158,3
158,2
158,1
8,7
158,0
155,3
155,2
155,1
155,0
146,6
146,5
146,4
146,3
146,2
146,1
146,0
140,3
140,2
140,1
140,0
139,3
139,2
139,1
139,0
138,4
138,3
138,2
138,1
138,0
137,3
137,2
137,1
137,0
136,4
136,3
136,2
136,1
136,0
135,3
135,2
135,1
135,0
134,3
134,2
134,1
134,0
133,5
133,4
133,3
133,2
133,1
133,0
132,3
132,1
20,3
20,2
20,1
19,3
19,2
19,1
12,3
12,2
12,1
11,27
11,25
11,21
11,17
11,15
11,13
